302.39,372.95,72.43000000000001,112.06,82.51000000000001,397.98,117.56,295.43,219.62,37.7,35.47,254.84,72.63,380.53,17.51
302.39,330.16,68.93000000000001,120.575,180.41,385.43,361.17,285.12,219.82,38.86,51.785,218.655,302.13,348.3,111.72
303.01,415.33,39.815,48.365,120.71,419.72,178.55,131.62,143.615,15.49,23.77,188.75,150.22,141.06,26.82
140.18,107.47,39.9,25.08,64.065,268.22,105.74,131.62,114.14,3.66,31.01,153.085,58.515,137.07,-7.31
118.1,64.81999999999999,45.72,15.83,80.11,237.245,118.73,170.165,104.69,2.72,32.1,203.14,28.99,186.3,-1.16
276.24,330.16,32.72,24.36,63.43,385.43,103.52,283.15,114.39,-13.89,13.33,190.39,52.35,348.3,-9.279999999999999
140.18,107.47,45.37,27.07,80.11,268.22,117.56,165.705,121.94,2.83,32.1,186.997,73.435,169.02,-1.475
145.743,136.29,53.38,25.09,59,268.22,106.095,202.96,107.6,16.01,41.135,196.6,59.25,231.58,-42.17
353.41,522.105,67.11,123.37,164.53,387.07,330.495,282.88,235.24,36.4,48.5,248.5,266.82,340.21,72.06
273.33,328.6,65.34999999999999,99.44,56.0567,397.98,349.87,278.4,264.94,35.31,34.86,245.15,261.3,340.21,-13.87
110.08,50.53,38.18,14.59,16.64,230.52,59.4,128.4,123.73,-3.4,6.95,166.01,17.02,132.125,-31.89
175.3,189.46,86.40000000000001,40.98,74.36,301.04,106.325,412.23,131.585,52.69,64.27500000000001,259,59.25,500.6,-3.51
140.18,107.47,44.07,25.08,67.40000000000001,268.22,107.52,154.14,120.61,3.66,29.02,148.11,57.98,155.41,-6.07
270.77,327.51,61.77,91.14,151.05,375.43,280.03,248.465,185.03,29.63,23.37,236.41,226.55,305.9,58.18
96.45,43.44,58.17,6.3,16.64,207.445,59.4,214.94,91.965,20.53,26.66,203.955,17.02,306.31,-31.72
236.78,289.095,59.49,75.68000000000001,146.215,358.465,255.425,215.57,171.09,22.405,41.135,213.84,211.225,228.8,16.66
416.59,718.84,91.39,210.08,162.96,313.565,290.77,359.07,277.77,64.70999999999999,65.88,332.7,222.84,705.28,54.59
355.755,531.14,170.02,149.77,130.57,440.35,438.395,808.73,248.95,53.07,115.16,316.165,420.433,1494.58,19.68
147.99,157.73,95.20999999999999,30.8,82.51000000000001,289.95,119.88,383.77,123.73,6.99,73.29000000000001,168.69,72.63,305.4,-1.16
114.07,57.72,94.76000000000001,11.94,37.915,237.2,82.52,229.71,98.41,80.98,27.89,545.92,22.37,398.58,-20.71
417.425,726.395,52.805,214.25,79.70999999999999,328.62,129.58,359.07,291.85,64.86,37.2,331.1,89.73,633.88,7.81
205.97,239.35,56.64,65.02,117.53,344.387,154.41,213.65,154.95,19.58,39.88,203.14,119.28,952.6900000000001,18.57
87.93000000000001,29.02,33.29,2.33,-1.52,255.3,42.49,105.78,103.73,-12.35,13.33,121.26,12.07,81.11,-32.34
179.36,239.35,51.91,43,87.72,321.86,150.31,192.855,134.25,10.55,29.75,179.02,115.96,219.56,3.52333
145.743,133.4,52.14,29.355,92.7,289.36,113.47,143.96,123.73,12.95,41.135,203.14,67.43000000000001,149.465,8.33
236.78,288.8,61.77,74.52,37.915,357.295,82.52,248.465,105.53,22.635,40.55,216.325,26.93,305.9,-21.17
178.32,197.322,88.175,42.22,95.36,299.92,138.645,348.79,132.2,-4.585,65.88,133.86,117.03,475.19,8.33
95.45,43.35,34.02,6.14,39.88,237.235,68.92,96.73,90.31999999999999,-10.51,17.25,228.93,17.02,75.31999999999999,-15.23
321.57,441.04,118.79,323.48,63.43,420.82,102.68,484.23,198.64,131.3,100.58,194.85,52.915,681.845,-9.279999999999999
415.22,702.34,92.34999999999999,194.28,282.64,385.43,608.875,362.8,274.23,64.95999999999999,72.56999999999999,398.135,515.415,516.22,147.42
142.575,131.65,49.29,33.8,88.42,265.39,152.79,180.71,76.845,8.83,34.09,172.62,117.91,192.15,7.51
142.48,117.93,51.265,27.26,87.08,323.2,117.56,106.6,121.94,8.83,35.115,169.58,63.74,86.13,-11.1
302.39,381.56,34.02,92.94,135.88,407.3,314.57,138.435,168.99,35.34,22.25,247.09,226.55,142.78,9.1
179.73,206.665,47.94,34.095,26.34,306.46,110.06,176.92,126.83,7.92,36.03,185.615,78.37,153.05,-27.78
204.79,237.75,57.3,58.45,128.63,344.32,185.29,214.805,148.79,19.55,40.04,286.11,153.92,256.24,28.79
206.2,242.74,56.66,65.02,135.54,357.295,183.43,212.205,154.54,19.58,40.04,203.14,157.29,248.73,36.53
110.08,38.37,58.96,14.59,117.84,398.12,166.27,354.455,100.11,-3.74,40.36,136.01,135.04,192.15,20.34
265.01,336.68,40.16,89.40000000000001,63.93,366.4,68.15000000000001,134.09,183.885,27.03,26.51,228.93,223.49,141.06,-5.17
152.045,218.77,56.64,58.45,118.63,268.22,179.655,213.65,147.11,19.55,39.88,138.99,150.94,354,23.19
295.13,379.06,45.91,110.23,193.94,304.35,368.92,154.14,219.82,36.4,32.15,248.5,266.82,231.58,111.72
205.19,197.322,59.64,58.87,103.54,301.98,151.92,227.48,149.68,19.55,39.92,199.92,153.92,285.935,15.76
415.22,702.34,99.8,194.28,325.48,260.47,608.875,412.78,274.23,53.07,75.13,312.55,515.415,516.22,221.03
180.255,208.77,51.95,43.44,117.84,307.17,154.41,265.31,134.76,11.58,35.64,185.02,119.28,323.79,19.68
145.51,133.4,51.91,30.54,112.1,306.46,154.41,202.96,123.9,5.76,37.67,160.35,119.28,232.355,17.51
188.03,219.115,101.54,45.355,131.6,237.245,160.05,412.23,139.78,18.4,78.95,194.21,132.32,487.265,37.81
110.08,66.80500000000001,38.56,20.855,48.11,265.39,91.15000000000001,138.435,98.41,0.16,23.575,146.13,34.75,142.95,-14.91
186.11,218.77,87.55,45.1,132.27,292.47,195.02,290.32,138.84,13.68,64.515,185.615,165.84,354.87,29.37
204.79,718.84,57.98,67.39,130.57,196.385,188.12,128.4,162.06,19.68,40.06,203.95,162.91,429.19,33.99
179.36,239.35,51.91,43,102.08,320.78,154.41,192.855,137.01,10.55,34.53,185.13,117.91,215.63,14.06
95.14,44.685,34.005,6.88,111.3,213.02,177.38,85.27500000000001,114.14,-10.98,40.635,145.44,27.75,73.04000000000001,16.275
108.51,50.53,37.31,14.87,52.5,230.52,84.81999999999999,116.09,103.73,-3.14,21.05,137.585,27.355,119.77,-13.9
321.57,441.04,113.38,128.94,16.39,420.82,63.34,441.88,254.86,43.91,100.58,259,18.295,537.74,-29.67
227.84,264.2,82.18000000000001,68.575,114.995,221.41,363.62,308.72,173.27,20.97,61.52,211.765,266.82,329.89,17.015
90.34,39.31,42.49,1.075,77.93000000000001,196.385,113.8,134.635,80.14,9.57,27.88,172.62,10.475,141.94,-3.32
188.03,186.42,49.36,35.76,164.92,295.61,314.57,183.2,134.71,8.960000000000001,34.44,172.065,226.55,199.39,-28.04
132.74,97.73999999999999,117.85,24.125,96.72,265.39,113.15,484.23,114.39,2.83,28.23,152.29,65.22,681.845,9.4
98.58,44.685,38.18,11.94,229.485,266.155,89.29000000000001,124.05,98.41,-5.23,22.435,130.015,33.82,131.21,154.38
180.255,245.345,113.42,40.98,96.72,344.755,138.88,587.77,131.585,115.45,27.88,334,104.51,756.86,8.720000000000001
95.45,43.35,60.745,6.14,14.14,207.445,64.09,231.725,90.31999999999999,23.66,43.085,221.71,17.02,305.4,-11.7
175.3,107.47,51.525,40.98,37.915,263.49,86.95,192.835,131.585,10.34,35.2,180.51,104.51,216.11,-32.34
178.045,192.14,51.91,42.21,103.54,301.04,151.92,192.855,133.25,10.51,35.53,179.02,112.565,633.88,13.91
167.3,38.37,54.49,30.8,18.29,184.46,63.34,207.1,124.44,16.04,39.61,191.08,57.98,233.12,-27.54
270.77,328.19,62.06,89.40000000000001,163.03,411.035,290.77,280.4,183.885,29.41,46.5933,233.92,223.49,340.13,66.56999999999999
349.62,481.33,82.31999999999999,139.455,239.985,423.6,421.22,308.72,230.5,48.43,61.15,248.5,413.275,398.58,27.53
370.82,626.86,83.18000000000001,225.08,400.165,447.66,745.88,316.36,277.77,50.37,61.15,276.14,586.5599999999999,429.65,283.09
87.5,29.69,42.8,-1.03,31.79,181.8,73.22,142.98,122.88,0.22,27.14,145.44,10.475,142.95,-27.78
297.735,379.06,68.37,112.06,221.87,447.66,368.53,283.73,219.62,37.7,73.04000000000001,249.12,266.82,335.863,142.23
265.01,328.6,62.06,89.40000000000001,154.4,387.07,287.56,240.66,183.885,29.41,46.61,252.78,223.49,300.56,60.665
179.36,120.91,51.91,43,103.54,273.59,151.92,192.855,133.25,10.55,35.47,180.51,117.03,219.56,14.06
120.93,79.23,34.005,18.41,49.13,247.93,89.29000000000001,99.23999999999999,106.64,-11.19,27.88,134.46,33.82,77.92,-13.9
221.94,264.2,66.56,67.45999999999999,118.15,344.13,174.495,280.105,161.333,18.815,49.58,226.855,138.18,329.89,19.15
301.64,381.56,68.755,112.44,63.93,406.37,105.74,285.12,274.23,37.715,51.66,250.08,223.36,354.86,-0.92
287.56,309.11,44.675,24.72,63.43,366.4,102.68,159.98,128.25,3.64,32.75,152.37,52.915,492.12,-9.24
194.09,228.92,52.805,48.685,117.84,322.86,174.495,201.27,143.615,16.01,37.2,190.91,145.77,230.99,19.68
152.74,140.68,94.76000000000001,41.15,100.34,289.36,225.43,412.78,132.2,15.44,73.29000000000001,185.02,89.73,502.01,-32.34
190.74,228.92,127.825,47.34,118.15,371.67,164.97,613.5700000000001,143.44,84.41,103.86,517.66,133.93,633.88,23.1467
121.04,80.62,39.815,17.11,112.1,387.07,86.95,134.635,105.53,-2.15,23.77,138.99,31.64,141.94,19.15
303.01,397.38,100.06,122.47,87.72,407.3,125.497,412.78,221.83,80.98,73.31,464.5,243.95,502.01,3.52333
301.64,379.06,68.755,112.44,175.15,397.98,355.98,285.12,221.82,37.715,51.66,250.08,262.065,354.86,90.08
166.975,167.09,49.72,36.42,90.97,292.175,138.88,165.705,129.09,9.57,34.44,174.43,112.565,175.75,8.369999999999999
204.21,228.93,51.95,58.87,125.9,323.2,185.2,192.835,154.95,19.55,35.64,199.92,155.91,216.11,17.51
178.32,198.49,51.91,42.22,102.08,300.9,150.31,192.855,122.88,10.55,35.53,180.825,115.96,215.63,13.88
227.84,265.39,66.08,68.575,135.65,344.13,217.015,268.28,165.53,20.97,49.58,211.765,186.005,232.355,36.53
190.46,210.94,38.18,47.34,128.63,314.02,160.95,123.63,143.44,-3.96,22.88,178.44,133.76,127.81,28.79
145.743,136.29,99.8,136.035,239.015,281.64,416.23,412.23,248.95,43.92,77.67,259.59,371.545,505.67,-4.055
190.16,208.77,55.58,48.685,134.13,307.17,197.21,210.95,130.04,19.2,38.68,198.81,145.77,249.165,33.99
131,93.40000000000001,33.29,21.59,45.905,304.94,89.27500000000001,90.16,112.18,-12.64,8.949999999999999,180.51,33.82,73.04000000000001,-15.23
287.795,351.985,82.31999999999999,34.96,88.28,394.845,126.89,308.72,217.41,49.5,60.56,274.66,84.58,760.48,7.485
367.88,328.19,67.11,122.61,55.5,295.61,92.14,282.88,229.8,36.32,51.54,247.27,37.935,169.02,-11.86
140.79,131.65,33.37,25.09,55.41,268.53,106.095,96.73,121.3,5.02,17.62,156.33,58.515,75.31999999999999,-9.782500000000001
270.77,328.19,53.38,88.26000000000001,164.92,247.17,335.955,84.23,177.89,27.03,37.67,228.93,249.86,72.40000000000001,27.17
228.42,283.405,58.96,68.575,136.16,294.78,217.015,220.18,165.53,20.97,41.135,211.765,186.005,272.92,38.335
154.36,140.23,47.43,33.8,39.94,289.37,135.05,176.56,124.825,7.87,32.75,168.69,78.37,184.15,-17.94
305.62,409.37,84.27,122.61,34.92,315.97,154.555,320.07,229.8,50.395,62.19,236.785,323.88,481.81,-24.03
207.09,225.17,55.015,52.86,39.94,323.2,81.86499999999999,212.205,143.5,18.4,39.05,203.95,24.01,253.68,-17.93
415.22,703.6,93.41,194.28,163.03,440.35,393.615,412.23,274.23,68.125,73.04000000000001,397.375,515.415,502.01,66.56999999999999
201.5,233.77,33.29,41.15,89.15000000000001,325.67,140.54,94.83329999999999,132.2,-10.51,14.32,122.58,108.695,77.92,7.83
142.48,117.93,63.035,33.8,87.08,371.67,125.05,260.65,128.83,0.09,58.21,146.13,74.26000000000001,308.25,0.5
232.33,192.21,66.08,74.52,143.49,221.56,228.95,280.105,169.92,22.635,49.58,226.48,206.42,316.65,38.63
87.93000000000001,30.67,36.27,-0.06,15.47,306.46,63.34,106.6,76.845,-12.35,18.25,121.07,8.505000000000001,119.77,-32.34
190.46,216.02,52.8,47.34,-9.779999999999999,314.22,43.16,201.27,143.44,15.49,37.25,191.08,133.76,230.99,-42.17
237.35,281.2,53.38,75.68000000000001,87.72,349.87,125.86,241.527,171.09,19.2,77.67,196.6,82.25,305.4,3.52333
270.77,328.19,109.64,91.14,111.3,272.92,335.955,417.19,185.03,83.13500000000001,62.19,527.72,226.55,522.55,16.275
200.18,231.145,63.035,30.8,84.04000000000001,393.58,116.825,265.31,124.825,30.81,48.5,226.855,72.53,487.265,27.17
186.11,219.115,87.55,14.59,67.40000000000001,315.97,107.52,333.75,100.81,50.37,64.31,275.94,25.2,176.595,-5.17
114.07,57.98,32.56,-1.52,87.08,230.54,118.15,85.27500000000001,95.53,-16.5,37.82,115.96,72.63,68.23,7.81
102.71,49.14,42.82,21.59,55.5,224.6,97.15000000000001,139.41,112.18,2.38,27.89,147.58,47.25,153.05,-11.86
180.255,208.77,54.49,43.44,106.44,307.17,154.41,207.1,134.76,16.01,103.86,247.09,119.28,237.545,14.96
132.62,91.92,44.675,23.14,63.93,258.09,103.52,159.98,114.14,3.64,28.86,152.29,46.87,164.25,-1.475
98.895,45.02,37.42,13.35,31.79,221.41,74.90000000000001,122.45,114.03,-3.96,22.25,207.64,24.05,122.51,-13.97
118.1,43.35,39.815,17.11,64.065,206.87,96.70999999999999,129.76,105.525,-2.15,23.77,138.99,26.93,134.035,-8.82
141.73,111.04,37.11,25.83,-9.779999999999999,269.92,42.49,119.63,121.25,-11.19,17.62,312.55,-7.12,119.77,-42.17
287.56,297.5,66.08,99.44,180.235,358.33,356.48,280.105,171.26,35.31,48.5,236.785,262.065,335.863,93.42
287.56,327.51,56.64,99.44,67.40000000000001,375.43,349.87,212.205,188.03,19.55,39.88,199.92,261.3,637.58,-4.27
90.16,45.02,36.225,1.075,134.13,219.62,196.17,124.05,96.63,-10.42,17.82,122.58,11.31,153.05,36.46
145.19,132.78,45.12,25.09,95.67,273.59,138.645,208.58,121.25,5.08,30.64,158.9,52.35,226.84,8.890000000000001
474.04,718.84,98.09,273.6,547.58,306.46,909.63,412.23,229.8,82.28,30.64,515.27,719.5549999999999,500.6,283.09
186.11,219.115,52.805,45.1,95.67,315.97,138.645,202.96,138.84,15.49,37.82,258.53,128.02,754.15,8.720000000000001
261.35,322.005,68.37,83.56,152.945,369.17,287.56,283.15,177.5,26.7,51.56,226.645,216.99,354,57.69
353.41,49.14,170.02,139.52,18.29,224.6,421.22,808.73,248.45,52.635,115.16,221.71,420.433,1494.58,-27.78
120.93,80.58,34.02,18.9933,34.92,301.04,68.92,98.19,107.6,-10.98,40.55,128.2,34.82,231.58,-24.27
416.12,765.87,84.825,200.92,144.54,323.2,241.06,359.07,273.605,52.635,23.37,147.49,207.02,701.41,39.245
320.83,397.38,82.31999999999999,126.59,163.37,407.3,289.675,308.72,230.78,45.19,61.04,270.89,342.08,408.7,66.56999999999999
206.2,233.77,49.29,21.59,58.06,352.13,97.15000000000001,180.71,112.18,8.904999999999999,34.075,171.99,47.25,291.8,-32.16
221.975,325.87,93.41,67.45999999999999,55.5,367.26,197.21,412.23,161.333,80.98,65.18000000000001,214.35,185.11,633.88,-11.7
232.36,286,61.77,74.52,144.54,321.86,225.43,248.465,169.92,26.7,44.92,226.645,203.79,305.9,-31.72
349.62,176.53,113.42,461.38,547.58,293.11,1491.98,165.705,382.88,115.45,39.92,566.6900000000001,811.225,156.67,283.09
84.59,44.685,23.74,-1.03,20.62,184.46,48.19,290.32,74.09999999999999,-17.51,28.86,98.31,4.81,354.87,89.3
116.82,50.53,20.185,15.4,63.47,230.99,84.81999999999999,73.19,104.86,-26.88,5.74,84.63,27.75,415.49,-10.97
141.705,111.04,49.29,25.83,82.51000000000001,269.92,106.325,179.62,121.25,8.83,34.075,171.09,63.08,153.05,-1.16
178.045,188.62,77.77,135.697,229.485,295.85,410.31,388.865,235.37,43.92,58.2,259,359.57,492.12,65.535
190.46,236.74,53.38,47.34,117.53,327.97,164.97,202.96,143.44,16.01,36.22,190.91,133.93,228.8,6.08
352.627,495.26,79.87,152.385,20.62,398.12,64.09,290.32,185.03,8.904999999999999,59.18,172.055,469.11,354.87,-18.34
236.78,288.8,94.76000000000001,75.11,135.54,237.26,217.015,375.29,170.09,22.92,73.31,297.3,206.42,488.55,36.46
131.77,93.40000000000001,82.18000000000001,22.585,20.62,267.285,64.09,365.19,112.7,51.455,60.56,180.825,47.25,505.67,-31.89
270.77,328.19,61.77,91.14,36.42,306.32,68.92,214.805,112.18,22.635,42.35,218.655,226.55,256.24,-13.87
107.21,49.14,34.02,2.33,-1.52,221.41,42.49,99.23999999999999,114.39,-12.35,18.25,121.07,10.475,705.28,23.1467
456.533,765.87,34.5,268.94,128.63,562.72,954.35,96.73,300.09,72.7,17.62,387,734.17,75.31999999999999,28.79
132.74,97.58499999999999,39.815,24.36,80.11,263.49,117.56,129.76,111.955,2.83,23.77,151.915,52.35,134.035,-7.27
290.45,377.81,66.08,102.33,180.41,399.895,361.17,282.88,176.95,36.105,52.32,247.27,266.24,398.58,-28.04
341.715,468.06,77.48999999999999,136.75,118.15,422.605,177.38,296.68,247.08,44.24,38.345,203.95,150.94,388.025,23.1467
145.19,132.95,44.81,29.355,92.7,277.01,116.825,159.98,123.9,-4.585,30.155,134.46,67.43000000000001,164.25,8.33
131,93.40000000000001,44.8125,24.36,60.5,447.66,98.66,163.51,114.95,5.02,27.07,156.33,52.32,77.23,-11.1
232.33,29.69,67.22,75.11,145.28,181.8,241.06,283.15,173.27,36.105,51.54,247.27,207.02,354,46.925
131,91.92,42.74,21.59,55.5,263.46,96.70999999999999,178.19,112.18,0.09,28.86,138.69,45.17,192.15,-11.86
112.3,57.35,50.04,58.45,123.14,230.52,184.995,184.81,145.24,9.805,34.61,174.43,154.38,199.81,27.53
190.16,223.435,61.27,45.52,117.05,315.97,164.13,274.76,140.62,24.86,44.48,226.48,133.76,354.86,19.15
101.32,138.58,37.35,14.59,31.955,284.87,74.90000000000001,128.4,171.42,-3.4,28.23,137.45,25.2,132.125,-1.16
349.62,481.33,92.34999999999999,186.57,92.7,423.225,138.88,359.07,286.11,64.95999999999999,89.51000000000001,315.15,503.08,481.81,8.33
358.75,467.69,113.42,136.75,59,344.32,97.15000000000001,427.81,241.71,115.45,30.7,566.6900000000001,52.32,537.74,-11.1
178.045,192.21,20.185,42.21,64.985,282.94,289.675,484.23,132.75,6.29,43.33,171.99,112.565,681.845,-6.24
128.53,84.81999999999999,42.8,21.04,100.34,273.59,150.31,179.62,99.23999999999999,0.22,27.14,145.44,117.03,176.595,-3.74
147.99,138.58,49.36,30.755,45.905,284.87,89.27500000000001,179.62,123.9,5.76,23.935,160.35,4.81,192.64,-17.94
180.255,206.665,52.8,43.44,106.44,306.46,154.41,201.27,134.76,11.58,33.97,138.48,119.28,228.8,14.96
144.12,132.78,46.62,34.115,101.665,289.36,113.15,285.12,114.39,6.99,17.62,168.41,65.22,335.863,13.07
300.42,379.06,68.755,112.44,214.9,389.105,374.897,283.73,219.62,37.715,51.54,247.27,323.88,354.87,142.23
116.82,283.405,113.38,15.83,63.93,352.13,106.095,441.88,103.65,-26.88,42.88,84.63,27.75,632.27,-9.782500000000001
322.075,310.85,76.29000000000001,128.94,239.015,366.4,416.23,297.62,196.49,43.91,49.58,259,395.85,388.68,142.23
353.41,522.12,84.41,139.52,219.04,311.68,384.86,320.07,248.45,48.43,63.35,274.66,420.433,415.49,142.23
112.3,57.35,38.18,15.83,180.41,230.52,335.955,124.05,104.86,-1.825,22.755,164.98,238.78,131.21,39.245
185.32,209.61,84.41,45.1,164.92,311.04,330.495,359.07,138.84,45.19,63.08,270.89,226.55,494.6,84.79000000000001
185.98,237.75,52.705,45.1,103.13,331.06,150.37,84.63,138.84,13.72,37.2,185.13,128.02,74.42,13.91
459.505,225.17,53.38,271.8,164.53,304.94,954.35,204.57,308.29,80.98,37.82,168.69,700.54,253.68,72.06
287.42,336.68,63.49,102.33,108.63,288.28,374.897,270.75,219.82,31.01,48.21,240.12,263.93,290.03,14.96
265.01,315.3,61.4,88.26000000000001,-1.52,367.26,293.76,489.09,177.85,27.03,44.87,228.93,223.36,701.41,-40.87
152.045,144.42,145.35,30.755,66.91,289.36,101.3,723.3150000000001,124.068,6.29,50.06,153.19,72.53,887.8200000000001,-6.24
276.24,330.16,36.73,43,232.46,394.845,421.22,128.4,134.76,10.55,17.25,184.16,263.93,132.125,142.19
287.56,343.335,65.34999999999999,99.44,182.24,267.285,355.98,296.68,173.25,35.31,48.94,245.15,262.065,388.025,106.095
353.41,522.12,77.77,139.52,239.985,438.62,421.22,302.02,248.45,44.33,58.21,259,395.85,306.31,-39.3
84.59,22.92,21.21,-1.41,15.47,174.15,44.46,81.035,72.53,-16.02,100.58,122.58,-0.74,74.42,-32.16
85.06999999999999,42.695,24.39,-1.41,-9.779999999999999,199.14,40.935,84.23,72.53,-16.5,8.949999999999999,172.9,-0.74,62.65,-42.17
265.87,289.095,61.27,82.27,145.28,358.03,248.69,240.66,176.95,24.86,44.48,226.48,211.18,300.56,46.925
416.12,703.6,65.34999999999999,205.31,14.14,519.04,48.19,278.4,274.86,35.34,48.94,247.27,186.005,335.863,-2.55
303.01,167.09,66.08,112.44,307.57,311.68,374.897,280.105,221.05,37.715,49.58,250.08,302.13,340.13,20.34
358.75,522.12,59.64,74.52,117.53,357.295,164.97,240.66,169.92,22.635,41.25,214.35,133.93,300.56,6.08
474.04,178.13,57.3,273.6,5.76,294.78,44.46,427.81,291.85,81.11,40.06,517.66,748.67,519.45,-38.18
251.91,315.3,61.27,82.04000000000001,73.8,367.26,113.15,240.66,173.27,24.86,23.6,226.48,213.63,415.49,17.015
237.35,262.09,59.49,461.38,547.58,344.387,1491.98,290.32,435.95,64.95999999999999,41.135,566.6900000000001,811.225,354.87,283.09
265.01,328.19,62.06,89.40000000000001,61.54,284.663,98.66,248.96,183.885,29.41,46.61,233.92,186.005,305.9,-10.97
175.3,57.98,34.005,24.125,80.11,237.235,107.76,98.19,136.48,2.83,16.28,151.915,49.59,60.03,-1.475
118.1,80.62,51.73,15.83,39.94,247.93,101.3,202.96,104.86,9.805,26.51,182.37,34.105,230.99,-17.93
132.62,38.37,45.37,24.36,61.54,221.56,98.66,167.01,114.39,3.12,30.7,152.29,52.32,176.595,-9.782500000000001
152.045,140.23,54.82,45.355,114.995,314.02,160.05,180.71,126.45,16.14,49.94,138.99,132.32,193.41,17.015
261.35,321.4,72.43000000000001,123.37,151.05,369.03,150.31,328.93,230.5,42.705,54.1,203.95,115.96,429.65,-38.46
145.19,132.95,49.18,17.29,48.03,237.75,89.29000000000001,184.81,106.64,-2.2,34.61,137.45,32.15,199.81,-17.93
95.14,45.61,44.8125,4.05,36.42,219.62,54.05,159.98,127.71,-3.8425,30.36,134.46,16.65,297.73,-24.27
179.36,186.42,57.3,43,45.905,295.61,88.14,214.805,134.71,19.2,40.04,194.85,31.64,256.24,-15.95
228.42,288.8,52.57,68.75,135.88,349.87,217.16,204.57,168.19,13.72,37.67,185.02,196.635,306.83,37.81
121.04,80.62,49.29,35.76,52.59,247.93,89.29000000000001,183.2,128.25,9.57,23.6,190.91,33.82,199.39,-18.77
175.3,231.145,51.265,40.98,45.905,322.86,98.66,73.19,124.825,10.34,34.44,179.02,503.08,60.37,-19.68
352.627,214.05,71.97499999999999,139.52,102.08,307.17,438.645,294.61,248.95,45.19,52.32,158.9,420.433,329.89,13.91
232.33,328.19,59.64,74.52,180.41,325.84,363.62,227.48,147.11,22.635,41.25,203.955,203.79,284.15,90.08
231.65,278.96,60.745,68.80500000000001,87.7567,301.98,125.497,229.71,169.5,22.2,43.085,217.48,214.195,290.03,4.67
120.93,79.23,71.43000000000001,17.29,61.53,237.235,98.66,290.32,103.73,-1.825,34.075,226.48,49.59,354.87,-9.960000000000001
287.42,337.57,67.11,99.48,39.84,389.105,438.395,282.88,221.83,36.32,43.33,248.03,465.9,335.863,-11.86
141.73,112.56,82.31999999999999,82.27,144.865,270.03,225.43,308.72,177.85,50.39,61.15,211.9,203.79,408.7,17.015
7.95,1.95,37.35,11.94,22.55,150.86,67.75,110.04,98.41,-4.585,22.05,179.02,22.21,88.38500000000001,-32.34
120.53,208.77,84.41,17.11,45.905,306.32,88.14,325.21,143.44,19.2,59.18,196.215,31.64,331.753,-16.975
355.755,522.105,68.37,149.77,15.47,456.68,421.22,305.82,241.71,30.04,51.56,235.805,413.275,340.21,-32.34
178.045,192.21,55.015,43,103.54,301.98,151.92,211.91,128.99,17.74,54.1,196.6,117.91,491.305,-9.24
119.56,66.80500000000001,36.27,16.26,39.88,237.26,84.93000000000001,154.14,105.53,-10.21,18.25,125.65,30.04,155.41,-18.34
303.01,351.985,45.37,122.47,221.87,393.58,374.897,154.14,221.83,41.32,29.02,252.78,334.35,233.12,142.19
188.03,136.29,61.4,82.27,154.4,311.68,287.56,241.527,176.95,26.7,44.87,226.855,214.195,305.4,62.53
98.895,45.02,36.225,8.324999999999999,48.03,397.98,97.15000000000001,524.965,96.63,-10.42,17.82,259,18.295,754.15,-13.87
358.75,593.21,42.74,152.385,22.55,394.845,68.92,354.455,189.04,-17.51,61.04,97.23999999999999,207.02,463.54,-28.04
160.8,167.54,54.82,6.88,118.15,292.175,177.38,280.4,97.12,22.405,40.36,214.35,17.02,306.31,23.1467
120.685,66.09999999999999,46.255,17.29,58.06,237.245,103.52,154.14,153.07,5.33,18.64,226.855,27.355,155.41,-13.395
211.615,353.59,58.17,66.59,162.96,393.58,197.21,214.94,161.333,20.53,38.345,207.64,164.255,255.01,64.94499999999999
349.62,481.33,60.88,136.035,134.13,423.6,197.21,234.72,168.99,26.86,43.33,226.855,238.78,300.56,35.445
140.18,107.47,44.8125,24.72,63.47,270.03,102.68,167.01,107.6,5.02,30.36,156.33,52.915,300.56,-9.24
120.685,66.09999999999999,58.91,67.45999999999999,120.41,237.235,185.2,231.725,169.92,20.53,40.635,98.31,155.91,297.73,-18.77
297.735,372.95,71.97499999999999,122.61,175.15,397.98,355.98,294.61,230.5,43.09,30.7,258.53,302.13,356.555,90.08
173.53,30.67,46.62,34.095,38.11,182.12,83.08,172.62,126.83,6.99,32.46,172.055,27.355,175.75,-18.77
346.56,467.69,77.48999999999999,136.75,87.7567,419.72,125.86,90.64,189.04,44.24,43.085,254.84,101.29,73.04000000000001,4.67
128.53,55.6,37.35,14.87,39.51,230.54,87.73999999999999,124.05,103.65,-3.14,22.88,137.585,27.355,305.4,-39.3
182.21,209.61,52.8,58.87,123.14,311.04,184.995,202.96,127.71,19.2,27.44,196.6,154.38,253.68,27.53
95.14,43.35,34.02,-3.32,10.93,207.445,43.16,99.23999999999999,100.81,-10.42,17.25,125.715,-6.47,487.265,-38.11
107.21,45.61,100.06,273.6,48.11,221.41,909.63,404.66,124.825,81.11,77.67,515.27,719.5549999999999,171.275,-14.91
140.18,107.47,55.015,139.455,239.015,292.47,420.01,209.4,248.45,18.4,39.26,196.6,228.54,232.355,-12.605
167.3,176.53,49.29,35.76,36.42,293.11,78.44,180.71,129.96,8.904999999999999,34.09,172.065,104.51,193.41,-17.94
87.93000000000001,30.67,34.02,11.16,39.88,182.12,84.93000000000001,98.19,107.6,-10.42,17.25,117.3,27.75,75.31999999999999,-21.17
96.45,43.44,61.27,6.3,16.64,213.02,59.4,240.66,114.14,22.2,40.635,213.84,17.02,305.4,-31.72
201.5,236.74,111.19,88.26000000000001,31.79,325.84,281.93,511.23,177.85,49.5,89.51000000000001,276.14,222.84,732.89,-11.1
237.35,289.095,42.74,78.20999999999999,95.36,357.295,259.085,134.635,230.5,0.09,14.32,147.58,211.18,141.94,20.34
145.743,140.23,36.225,12.98,5.76,293.11,48.19,129.76,98.41,-10.42,18.25,164.98,22.37,88.38500000000001,-11.1
260.95,315.3,95.20999999999999,83.56,134.13,292.47,225.43,383.77,177.5,26.86,73.29000000000001,226.855,211.18,516.22,-9.782500000000001
87.93000000000001,29.02,32.72,-0.06,5.76,369.03,47.41,85.27500000000001,76.845,-13.89,13.33,125.715,8.505000000000001,73.04000000000001,-38.18
367.6,381.56,84.27,158.995,31.185,406.37,68.92,320.07,267.07,50.395,62.19,248.5,469.11,488.55,-27.78
112.3,57.98,34.02,15.4,39.88,237.2,84.93000000000001,98.19,114.39,-10.42,20.7,148.11,27.75,60.03,-18.34
474.04,855.26,100.06,273.6,145.28,307.17,242.73,354.455,314.21,81.11,78.77,515.27,719.5549999999999,482.12,8.890000000000001
261.35,321.4,61.77,88.26000000000001,134.13,369.17,225.43,283.15,177.85,27.03,44.48,228.93,202.47,395.55,39.245
140.18,107.47,42.49,30.8,68.94,268.53,107.76,84.63,124.068,6.98,27.89,166.01,72.63,66.3925,-2.55
173.11,178.13,21.21,38.5,55.5,294.78,130.08,290.32,129.96,9.805,6.12,171.09,93.95999999999999,354.87,-11.7
417.425,726.395,52.8,214.25,76.44,371.67,745.88,283.15,274.785,10.4033,37.25,179.02,586.5599999999999,354,-3.51
108.51,50.16,68.93000000000001,13.35,52.59,230.52,63.34,283.73,100.11,38.86,58.2,252.78,24.01,335.863,-13.97
329.26,468.06,94.63,123.37,18.29,423.6,64.09,388.865,230.78,67.39,58.21,145.44,18.295,493,-25.375
202.16,237.75,55.015,52.86,48.03,328.62,438.395,204.57,143.5,18.4,39.61,196.32,420.433,248.73,-16.05
251.91,337.57,118.79,89.8,37.915,383.3,81.86499999999999,484.23,184.81,131.3,100.58,276.14,226.3,754.15,-20.71
138.88,66.09999999999999,21.21,-3.32,45.905,237.26,88.14,81.035,74.09999999999999,-17.51,6.95,97.23999999999999,31.64,60.82,-15.95
353.41,522.105,82.31999999999999,139.52,282.64,427.44,438.645,308.72,248.06,48.43,47.85,147.49,420.433,408.7,221.03
257.29,310.85,55.58,-3.32,15.16,366.74,43.16,210.95,85.81,19.2,39.61,196.32,-6.47,250.88,-32.34
320.83,238.21,76.04000000000001,126.59,221.87,331.06,393.615,354.455,219.82,43.09,51.56,258.53,342.08,519.45,142.19
367.88,621.105,94.63,138.84,393.61,268.53,438.645,295.43,177.85,44.33,72.56999999999999,233.92,424.92,356.555,178.505
204.79,237.75,59.49,52.86,55.5,325.84,92.14,223.17,165.53,22.405,41.135,214.35,133.93,331.753,-11.7
276.24,330.16,118.79,96.8875,55.41,387.07,174.495,484.23,188.03,21.99,100.58,211.9,153.92,756.86,-9.960000000000001
114.07,57.98,38.56,14.87,5.76,237.26,101.3,124.05,103.65,-3.14,23.575,137.585,52.35,131.21,14.96
415.22,702.34,87.63,205.31,39.94,423.225,118.73,328.93,274.785,57.625,64.27500000000001,259.59,474.65,429.65,-17.94
178.045,192.21,50.04,41.15,136.16,295.85,135.05,192.835,138.84,9.805,34.61,173.75,104.51,216.11,16.01
185.98,216.02,68.755,45.1,92.7,314.22,138.645,283.73,138.84,37.715,51.785,250.08,103.67,329.89,8.33
191.945,228.93,49.18,67.39,74.36,327.97,48.19,180.71,162.06,30.81,22.88,240.12,-7.12,193.41,-2.55
85.06999999999999,29.69,31.04,-1.41,59,181.8,43.16,85.27500000000001,189.04,-16.02,8.949999999999999,97.23999999999999,-0.74,68.23,-11.1
175.24,172.845,44.81,41.15,93.955,292.47,131.63,165.705,130.04,10.34,30.155,179.02,108.695,165.01,8.369999999999999
108.51,50.16,38.18,14.87,37.915,230.08,82.52,123.63,103.73,-3.14,22.755,137.585,27.355,130.23,-17.93
102.71,43.44,34.02,2.51,128.63,207.83,48.19,98.19,98.41,-12.64,40.44,315.15,8.505000000000001,74.42,14.96
157.24,97.58499999999999,47.43,33.8,87.08,265.39,119.88,204.57,124.068,7.87,32.46,168.69,73.435,192.64,-15.51
142.48,117.93,45.72,27.26,60.5,274.38,106.325,211.91,126.45,5.57667,30.64,159.335,63.74,256.24,-15.95
120.53,112.56,34.005,8.324999999999999,26.34,349.87,68.15000000000001,98.19,96.63,-11.19,16.28,121.26,18.95,73.04000000000001,-28.04
98.895,45.02,36.225,6.88,87.7567,268.93,177.38,106.6,127.71,-10.42,17.62,121.88,146.81,86.13,4.67
200.18,214.05,58.17,66.59,120.71,340.21,184.995,214.94,161.333,20.53,40.44,128.2,164.255,264.89,26.82
261.35,321.4,62.225,88.26000000000001,154.4,369.03,287.56,254.845,177.85,29.63,46.74,235.805,222.84,354.86,62.53
367.6,242.74,84.825,165.72,117.05,321.86,410.31,328.93,265.8,52.635,77.67,236.785,473.39,475.19,14.35
237.35,325.87,60.585,75.68000000000001,104.92,358.465,154.41,228.12,171.09,23.19,46.61,217.48,206.42,285.935,33.99
120.685,80.62,2.61,-10.38,111.3,247.17,156.52,61.2833,103.65,-34.01,5.01,172.62,112.565,37.25,27.17
353.41,522.105,112.65,139.455,37.915,387.07,745.88,441,190.46,48.43,89.51000000000001,326.74,586.5599999999999,637.58,-28.5
157.24,138.58,45.37,34.095,48.11,284.87,125.05,179.62,221.83,5.33,27.07,158.9,78.37,192.64,-14.91
138.88,66.80500000000001,49.29,34.095,87.55,237.26,126.89,180.71,126.83,8.904999999999999,34.09,171.99,79.38,193.41,3.52333
145.19,132.95,43.1,29.355,103.54,284.87,151.92,143.96,123.54,5.08,31.01,160.35,65.18000000000001,149.465,13.91
205.19,239.35,38.18,11.16,89.15000000000001,275.775,117.56,123.63,98.41,-3.96,22.88,136.01,27.75,177.31,7.81
260.95,315.3,51.73,83.56,154.4,367.26,287.56,192.44,177.5,9.98,35.53,153.085,216.99,705.28,42.98
190.16,223.435,51.73,45.52,96.73999999999999,315.97,140.54,192.44,140.62,14.6,35.15,186.997,133.76,226.84,9.4
141.705,111.04,49.18,25.83,63.93,265.39,105.74,124.05,121.3,9.805,34.09,174.545,45.17,142.95,-15.51
238.6,325.87,60.6,77.58,117.94,394.845,173.85,228.12,171.26,23.23,39.76,218.655,211.18,285.935,23.47
204.21,238.21,63.49,88.26000000000001,163.37,237.75,289.675,268.28,177.85,27.03,48.21,174.545,222.84,331.753,66.56999999999999
101.32,49.14,38.18,12.98,37.735,224.6,68.15000000000001,123.63,98.605,-3.1,22.88,138.48,22.21,127.81,-19.68
238.6,379.06,60.745,92.94,239.015,407.3,349.87,170.165,219.82,23.66,43.085,221.71,266.24,192.15,154.38
142.48,117.93,42.49,27.26,61.54,277.01,107.52,158.5,126.45,5.08,26.51,158.9,63.74,176.595,-9.279999999999999
459.505,773.97,46.255,261.875,120.71,344.755,177.38,85.27500000000001,300.09,67.39,32.37,266.62,474.65,68.23,27.17
417.425,727.7,88.175,210.08,95.36,562.72,179.655,348.79,274.785,56.14,40.36,330.31,350.12,74.42,7.83
98.895,45.02,39.9,8.324999999999999,15.16,284.87,63.34,131.62,96.63,-2.15,23.77,142.6,18.295,137.07,6.08
221.94,322.005,57.98,67.45999999999999,125.9,367.66,185.2,211.91,168.19,20.53,40.06,211.9,157.29,250.88,28.08
178.32,176.53,51.91,42.22,102.08,289.36,150.31,192.855,134,10.55,35.53,179.02,115.96,219.56,13.88
228.42,236.74,58.17,68.575,135.65,327.87,213.09,214.94,165.53,20.97,40.36,211.765,186.005,256.24,36.46
111.73,57.35,37.42,12.98,63.47,256.93,102.68,122.45,100.11,-3.96,22.88,125.73,24.01,142.95,-9.279999999999999
321.57,372.95,79.87,128.94,45.07,397.98,87.73999999999999,61.2833,221.83,43.91,59.18,259,350.12,37.25,-1.16
99.13,44.685,32.56,10.38,15.47,270.03,67.75,90.64,90.31999999999999,-10.21,35.115,125.65,18.95,62.58,-32.34
301.64,467.69,68.755,112.44,38.11,282.94,82.52,511.23,219.62,37.715,50.06,250.08,206.42,754.15,-17.93
102.71,49.14,38.18,14.59,36.3,224.6,76.26000000000001,123.63,100.81,-3.74,22.755,136.01,25.2,130.23,-24.27
116.75,57.72,37.11,6.88,63.93,252.09,103.52,119.63,105.53,-10.42,35.2,125.715,18.82,272.92,-7.31
132.89,97.88,47.43,22.585,59,274.38,97.15000000000001,176.56,112.18,6.99,32.75,184.16,46.87,226.84,-9.279999999999999
178.32,198.49,23.74,2.33,63.47,295.85,81.86499999999999,83.15000000000001,104.435,-12.35,29.02,121.07,26.93,62.58,-9.24
154.36,144.42,42.8,21.355,63.47,289.37,92.14,143.795,194,0.22,27.89,147.49,38.215,156.67,14.83
142.575,140.23,44.07,27.57,34.92,335.995,67.75,134.635,122.88,5.33,52.17,158.9,65.18000000000001,141.94,-24.34
173.53,186.42,50.04,40.27,48.03,295.61,91.15000000000001,186.835,130.04,9.904999999999999,35.64,171.09,101.29,206.02,-16.05
34.375,1.95,60.585,-6.47,-0.08,150.86,43.16,228.12,126.665,23.19,41.25,226.645,-6.47,290.03,-11.86
190.16,144.42,57.3,48.365,135.88,289.37,217.16,215.57,143.49,19.2,40.06,186.997,138.18,264.89,38.335
221.975,265.39,58.17,67.39,5.57,268.93,44.46,214.94,161.885,20.53,40.36,202.27,-2.5,231.58,-39.3
182.21,183.32,46.62,43.91,152.945,295.04,183.43,211.91,136.48,6.99,13.33,156.33,112.565,253.68,58.18
98.58,44.685,21.21,-6.47,77.93000000000001,277.01,113.8,81.035,121.25,-21.965,6.12,84.63,-7.12,60.82,-3.32
204.79,237.75,36.225,65.02,135.54,327.97,185.2,106.6,143.5,-10.42,23.77,122.58,153.92,119.77,36.46
95.45,43.44,34.5,6.14,16.39,207.83,54.66,105.78,90.31999999999999,-10.51,17.62,121.88,17.02,81.11,-31.72
98.895,45.02,32.56,10.38,63.47,705.84,73.22,96.73,96.63,-1.65,22.755,247.27,18.82,75.31999999999999,14.96
188.03,236.74,52.705,45.355,88.3575,325.84,129.58,202.96,139.78,13.72,36.98,217.48,132.32,429.65,7.51
87.93000000000001,38.37,32.56,-0.06,16.39,184.46,54.05,90.16,76.845,-13.89,51.56,115.96,12.07,72.40000000000001,-31.89
144.12,132.78,32.56,-1.52,107.84,275.775,40.935,90.16,72.20999999999999,-17.51,17.25,97.23999999999999,-10.42,72.40000000000001,14.96
95.14,43,34.005,2.51,15.16,198.76,49.9,99.23999999999999,95.53,-12.35,25.13,121.07,12.07,306.83,-6.24
276.24,330.16,63.035,98.06999999999999,180.235,387.07,363.62,158.5,170.09,33.78,40.995,245.16,266.82,156.67,93.42
302.39,29.69,52.57,120.575,118.63,181.8,67.75,198.55,221.82,36.32,34.86,248.03,395.85,232.355,23.47
355.755,593.21,36.27,139.455,103.13,447.66,159.82,107.665,247.08,68.125,18.25,397.375,46.87,88.38500000000001,13.88
211.615,254.04,2.61,-10.38,135.88,270.725,40.935,61.2833,59.68,-34.01,5.01,121.07,-10.42,37.25,15.76
415.22,702.34,127.825,194.28,55.5,353.6,95.29000000000001,587.77,274.23,52.69,63.35,316.165,515.415,633.88,-9.782500000000001
417.425,726.395,91.39,214.25,229.485,393.58,410.31,343.16,248.95,64.86,65.88,334,559.5700000000001,463.54,144.84
190.16,223.435,98.09,36.42,116.145,315.97,130.08,404.66,128.83,9.57,75.13,172.055,90.745,494.6,19.15
175.24,188.62,51.265,41.15,120.71,295.85,138.88,186.965,131.585,9.98,39.55,171.09,104.51,267.58,26.82
175.5,167.54,51.73,41.15,55.26,315.97,92.14,196.41,136.48,10.34,34.86,177.735,108.695,192.15,-12.605
157.24,58.68,58.96,34.095,61.54,237.245,68.15000000000001,220.18,126.665,7.92,40.55,169.58,22.21,487.265,-9.782500000000001
145.743,136.29,40.16,24.72,61.54,293.11,99.23999999999999,204.57,108.443,-3.4,26.51,138.69,52.32,165.01,-10.97
341.715,467.69,77.77,136.035,271.07,422.605,438.645,302.02,235.37,44.33,58.2,270.89,473.39,394.71,-4.27
147.99,134.12,51.91,47.5,130.57,282.94,188.12,192.855,143.5,15.44,35.47,199.92,165.84,463.54,22.2
282.805,136.29,66.08,98.06999999999999,125.2,284.663,242.73,283.15,221.82,31.01,48.94,239.29,238.78,348.3,27.83
459.505,773.97,93.41,225.08,5.76,355.73,47.41,186.965,273.605,68.125,72.56999999999999,397.375,586.83,75.31999999999999,-14.91
303.01,415.33,50.04,41.15,88.42,419.72,129.71,184.81,137.01,9.805,34.61,199.92,94.55,199.81,19.68
152.045,140.23,47.43,33.8,118.63,289.37,130.08,283.15,124.82,7.87,32.75,168.69,65.48999999999999,354,36.53
417.425,726.395,91.73,214.25,104.92,306.32,150.31,359.07,274.86,64.86,29.75,331.1,117.03,461.06,15.76
367.6,39.31,113.42,162.14,95.67,216.61,533.97,441.88,264.94,51.455,100.06,297.3,473.39,705.28,9.1
119.56,66.80500000000001,40.09,16.26,39.84,237.235,87.73999999999999,128.4,105.525,-1.65,25.13,128.2,30.04,132.125,-13.08
141.705,111.04,34.02,30.755,55.5,268.22,91.55,96.73,124.068,-10.42,17.25,121.88,72.53,75.31999999999999,-9.960000000000001
131.77,93.40000000000001,42.8,21.355,180.235,260.47,355.98,172.38,126.45,0.22,27.14,258.53,266.24,176.595,93.42
131.77,93.40000000000001,113.42,370.635,100.34,256.93,909.63,489.09,120.965,87.06999999999999,89.51000000000001,566.6900000000001,719.5549999999999,701.41,14.06
287.795,351.985,65.34999999999999,99.44,143.49,394.845,349.87,278.4,196.49,35.31,39.88,247.09,261.3,269.71,38.63
227.84,264.2,71.97499999999999,68.75,31.185,344.755,68.92,260.65,136.48,20.97,52.32,211.765,18.95,308.25,-28.04
297.735,172.845,72.43000000000001,102.33,36.42,304.94,141.91,303.045,221.82,36.105,60.56,247.09,263.93,461.06,-7.31
120.53,75.22,39.9,17.11,45.905,239.47,88.14,110.04,105.525,-1.825,27.89,142.6,31.64,86.13,-15.51
321.57,336.68,83.81999999999999,128.94,346.56,387.07,400.415,320.07,231.66,50.39,40.04,274.66,350.12,415.49,9.1
178.32,208.77,51.73,42.22,102.08,307.17,150.31,192.835,134,10.4033,35.15,202.27,115.96,225.96,13.88
238.6,305.64,170.02,78.20999999999999,145.28,324.28,255.425,808.73,143.5,23.23,103.86,218.655,211.225,1494.58,46.925
185.98,225.17,60.585,45.1,110.98,174.15,156.52,229.71,138.84,15.44,39.92,177.735,128.02,306.83,16.01
416.12,703.6,88.175,205.31,136.16,519.04,213.09,212.205,124.82,56.84,65.8,331.1,186.005,253.68,38.335
303.01,381.56,67.11,120.575,110.98,406.37,155.81,280.4,221.83,38.86,47.07,226.48,121.64,637.58,14.06
152.045,66.09999999999999,45.12,33.57,63.93,237.245,105.74,131.62,124.825,5.02,30.64,171.09,72.845,137.07,-4.27
173.11,97.88,37.42,38.5,87.7567,315.97,125.86,172.62,129.09,9.805,22.435,172.62,94.55,169.02,4.67
167.3,176.53,63.49,37.98,88.42,293.11,129.71,268.28,129.09,30.81,48.21,240.12,89.73,319.03,7.51
415.22,702.34,88.175,194.28,84.04000000000001,230.54,595.49,302.16,274.23,56.14,70.2,276.14,515.415,380.53,1.62
140.18,107.47,44.675,25.08,66.91,268.53,106.325,165.705,132.75,3.64,30.36,151.42,63.08,264.89,-0.92
179.73,204.055,51.73,43,59,306.32,97.15000000000001,134.635,134.76,10.55,35.2,196.32,117.91,141.94,-10.97
131,283.405,40.09,21.59,20.915,358.465,67.05,240.66,112.18,-1.65,27.14,142.6,45.17,300.56,13.91
204.79,237.75,66.08,58.76,123.14,325.67,184.995,280.105,147.625,19.49,51.54,211.765,154.38,340.21,27.53
122.09,91.92,88.76000000000001,11.16,22.55,258.09,68.15000000000001,353.49,85.81,-12.35,65.18000000000001,121.26,22.21,475.19,-28.04
96.45,44.685,36.225,6.3,73.8,174.15,113.15,106.6,91.965,-10.42,17.82,123.32,17.02,142.95,-13.08
142.575,131.65,62.225,21.355,55.41,272.92,92.14,259.01,123.54,10.34,46.74,254.84,38.215,306.83,-9.24
141.73,111.04,44.8125,25.09,73.8,269.92,106.325,159.98,120.965,3.66,30.36,153.085,58.515,164.25,-3.74
257.29,310.85,56.64,82.27,152.945,366.74,259.085,212.205,176.95,19.55,39.88,198.81,213.63,253.68,-11.41
305.62,481.33,62.06,112.06,164.92,423.6,328.22,270.75,219.62,29.41,46.5933,233.92,211.18,306.83,84.79000000000001
140.18,107.92,38.465,25.08,52.59,268.93,91.2367,124.05,120.61,3.64,23.37,169.58,34.75,131.21,-1.88
85.06999999999999,172.845,58.91,-1.41,-9.779999999999999,294.78,40.935,215.57,72.53,22.405,51.56,209.04,-0.74,519.45,-42.17
167.3,157.73,91.73,35.76,111.3,301.04,125.05,348.79,130.39,64.70999999999999,65.88,332.7,89.73,176.595,16.275
85.06999999999999,97.88,38.18,14.77,48.03,265.39,89.29000000000001,123.63,105.71,-3.4,22.25,136.01,33.82,192.64,-9.279999999999999
273.33,330.16,37.42,12.98,36.3,387.07,76.26000000000001,81.40000000000001,98.605,-3.96,48.5,134.46,25.2,77.23,-24.34
236.78,288.8,62.89,96.8875,135.88,358.03,185.2,186.965,188.03,31.01,42.88,239.29,157.29,206.02,54.59
152.74,144.42,47.43,33.8,78,289.37,114.09,211.91,124.44,7.87,32.75,168.69,67.43000000000001,230.99,-1.475
99.13,45.61,36.27,10.38,20.62,221.56,67.05,106.6,97.12,-5.75,40.635,125.73,18.95,117.72,-10.49
221.975,264.2,58.17,67.45999999999999,55.26,344.755,91.15000000000001,214.94,163.585,20.53,41.25,203.14,186.005,256.24,-13.97
152.045,140.23,42.49,-3.32,78,323.2,43.16,458.95,74.09999999999999,0.22,26.66,146.61,-6.47,488.55,16.01
111.73,57.98,38.465,14.87,64.065,236.43,83.08,124.05,99.23999999999999,-3.14,23.37,137.585,27.355,156.67,-7.27
241.053,309.11,51.91,51.21,144.865,353.6,254.645,195.81,143.9,10.55,63.08,186.997,146.81,170.05,42.98
349.62,238.21,44.8125,138.84,400.165,331.06,868.5,163.51,170.09,5.02,30.36,248.5,700.54,171.275,-1.475
175.3,107.92,51.91,40.98,96.72,268.93,140.54,192.855,131.585,10.51,35.53,177.4,104.51,219.56,9.1
142.48,117.93,45.54,27.26,31.955,273.59,74.90000000000001,167.01,121.94,5.43,6.12,159.275,25.2,516.22,-24.03
305.62,228.93,88.175,110.23,182.24,341.92,361.17,121.44,221.83,36.4,55.97,248.5,302.13,120.475,84.79000000000001
287.42,337.57,63.5,98.06999999999999,45.07,389.105,87.73999999999999,278.4,190.46,33.78,48.21,245.16,-0.74,519.45,-1.16
367.88,621.105,91.73,165.72,88.42,389.105,63.34,587.77,265.8,64.95999999999999,65.88,334,473.39,760.48,7.81
142.48,117.93,45.91,27.26,66.91,260.47,107.52,170.165,121.94,5.08,32.15,159.335,63.74,231.58,4.67
475.97,315.3,111.19,298.37,5.57,367.66,54.66,430.19,371.85,84.41,89.51000000000001,182.37,734.17,522.55,-39.3
114.07,57.98,51.91,34.095,87.72,237.75,125.497,200.145,132.75,10.34,35.53,172.62,79.38,229.32,3.52333
297.735,467.69,47.43,30.8,103.54,423.6,151.92,178.19,124.44,6.98,29.02,166.01,72.63,225.96,14.35
205.19,236.74,118.79,123.37,219.04,327.87,393.615,484.23,210.17,131.3,100.58,566.6900000000001,334.35,681.845,142.19
251.91,379.06,60.745,82.04000000000001,87.55,393.58,125.05,231.725,173.27,23.93,43.085,196.215,213.63,297.73,-1.88
353.41,522.105,79.87,139.52,125.9,322.86,185.2,302.02,248.95,45.19,59.18,272.13,420.433,394.71,27.53
329.26,467.69,76.29000000000001,135.697,48.11,422.605,400.415,297.62,126.665,43.92,55.19,98.31,325.08,388.68,-14.91
131.77,93.40000000000001,63.035,34.115,117.53,237.245,164.97,260.65,129.96,9.805,39.55,173.75,101.29,308.25,-2.55
188.03,218.77,49.29,35.76,87.7567,321.86,125.497,178.19,128.99,8.904999999999999,34.09,171.09,-6.47,192.15,0.5
205.19,238.21,57.98,58.87,125.9,331.06,185.2,183.2,149.68,19.49,39.76,196.6,155.91,354.86,28.08
116.75,42.695,145.96,18.41,111.3,198.76,156.52,764.73,112.18,-1.15,150.11,146.13,302.13,931.63,16.275
141.73,289.095,39.815,98.06999999999999,133.52,358.33,195.02,129.76,189.04,31.63,23.77,254.84,165.84,469.24,38.63
228.42,330.16,38.56,14.59,-1.52,389.105,82.52,123.5,101.64,-3.1,23.575,146.61,25.2,127.81,33.99
206.2,239.35,23.6,-3.32,-0.08,301.98,42.49,81.40000000000001,88.20999999999999,-17.51,12.26,97.23999999999999,-6.47,66.3925,-40.87
190.16,223.435,55.75,45.52,117.53,315.97,164.13,210.95,130.39,23.19,39.61,218.55,133.76,249.165,19.15
260.95,315.3,50.0967,83.56,232.46,367.26,410.31,128.4,177.5,9.98,34.86,177.735,371.545,132.125,142.23
95.14,43,59.09,30.8,36.42,207.445,116.825,220.18,143.615,22.405,40.36,214.51,72.53,291.8,3.2
287.56,343.335,88.76000000000001,99.44,110.98,393.58,355.98,375.29,196.49,56.84,44.92,331.1,262.065,488.55,17.015
166.975,167.54,49.29,35.86,88.42,295.36,129.71,180.71,127.49,8.960000000000001,34.09,172.055,90.23999999999999,192.15,7.485
116.82,79.23,118.79,25.08,61.54,260.47,107.52,598.73,121.25,3.66,100.58,153.085,58.515,705.28,-11.7
141.73,111.04,38.18,25.83,15.47,269.92,47.41,170.165,121.25,5.02,22.88,159.275,65.48999999999999,177.31,-32.34
302.39,97.88,23.74,122.61,26.34,264.815,438.395,83.15000000000001,229.8,-17.51,17.25,130.015,371.545,62.58,-27.78
474.04,855.26,67.22,273.6,56.0567,440.35,95.29000000000001,282.88,248.45,37.715,51.56,249.12,719.5549999999999,463.54,-11.41
206.2,22.92,101.54,273.6,39.88,275.775,84.93000000000001,417.19,382.88,81.11,73.31,226.855,719.5549999999999,516.22,-20.71
182.21,209.61,37.53,35.86,88.42,295.04,129.58,85.27500000000001,131.585,-3.8425,22.435,134.46,90.23999999999999,68.23,7.51
142.575,178.13,45.72,27.57,56.0567,294.78,95.29000000000001,121.44,122.88,5.33,32.15,159.335,65.18000000000001,120.475,8.720000000000001
1096.55,1011.84,170.02,1526.64,547.58,705.84,1491.98,808.73,435.95,250.71,103.86,623.13,811.225,306.31,283.09
232.33,281.2,59.09,78.56,145.91,352.01,242.73,221.18,173.25,23.66,35.15,247.09,211.55,269.71,8.720000000000001
287.56,343.335,64.92,98.06999999999999,182.24,301.04,363.62,241.527,185.03,33.78,48.5,245.16,528.96,305.4,39.245
147.99,73.3,49.18,33.8,87.08,324.28,119.88,183.2,198.64,7.87,33.97,168.69,72.845,199.39,-11.86
180.255,208.77,51.265,43.44,31.185,307.17,68.92,179.62,134.76,9.98,35.115,174.545,119.28,259.13,-28.5
182.21,209.61,67.11,66.59,180.235,294.78,356.48,290.32,143.9,36.32,52.17,248.5,164.255,354.87,93.42
321.57,429.303,79.15000000000001,128.94,154.4,562.72,287.56,302.16,235.37,44.33,34.86,272.13,350.12,395.55,15.76
185.98,216.02,62.225,98.06999999999999,82.51000000000001,314.02,118.15,303.045,194,29.63,46.74,249.12,79.38,397.29,-11.41
121.04,80.62,126.34,18.9933,80.11,255.3,89.27500000000001,613.5700000000001,107.6,9.57,115.16,172.62,33.82,760.48,-1.475
352.627,495.26,117.85,27.61,63.43,423.6,117.56,484.23,130.39,5.33,100.06,156.905,65.18000000000001,681.845,-11.86
191.945,228.93,59.64,43.91,154.4,321.86,281.93,227.48,122.97,22.405,41.25,214.35,117.91,284.15,60.665
137.71,107.92,33.29,24.72,55.5,268.53,92.25,84.63,143.9,-17.51,14.22,125.49,38.215,75.31999999999999,-11.7
114.07,57.35,39.45,15.83,37.735,230.08,86.95,128.4,104.86,-2.2,23.6,184.16,30.04,253.68,-18.34
190.46,219.115,87.55,48.365,133.52,311.68,185.29,333.75,143.49,52.635,64.31,270.89,138.18,429.65,35.935
182.21,209.61,42.82,43.91,117.53,311.04,179.655,143.795,119.3,12.95,27.88,171.99,138.18,149.465,15.76
206.2,245.345,37.42,58.45,108.63,344.32,185.2,106.6,143.615,16.14,23.575,194.21,155.91,86.13,18.57
221.975,265.39,58.91,67.45999999999999,133.52,352.13,197.21,295.43,163.585,20.78,40.06,203.955,185.11,356.555,33.99
303.01,531.14,72.43000000000001,122.47,39.51,230.99,40.935,290.32,221.83,41.32,54.1,259.59,-10.42,354.87,-19.085
353.41,522.105,113.42,139.52,239.985,427.44,420.01,511.23,248.06,115.45,100.06,566.6900000000001,400.76,705.28,84.79000000000001
168.25,176.53,50.035,35.76,547.58,293.11,1491.98,196.41,127.49,8.960000000000001,34.44,172.055,811.225,226.84,283.09
120.93,257.57,40.09,15.83,39.88,344.387,84.93000000000001,131.62,103.65,-2.2,23.6,146.61,27.85,291.8,-18.34
287.42,337.57,64.92,98.06999999999999,173.5,282.94,349.87,274.76,170.09,33.78,48.5,245.16,266.82,316.65,84.79000000000001
346.56,495.26,74.27,138.84,180.41,422.605,410.31,296.68,240.65,44.33,53.41,211.765,395.85,502.01,89.3
206.2,254.04,91.73,225.08,16.64,344.755,63.34,365.19,382.88,64.86,59.18,334,586.83,494.6,-32.16
101.32,43.35,76.29000000000001,135.697,221.87,206.87,400.415,296.68,219.62,43.92,52.17,259.59,342.08,408.7,142.23
270.77,283.405,63.035,98.06,164.53,353.6,328.22,260.65,168.19,31.01,44.87,286.11,238.78,267.58,72.06
142.48,117.93,113.38,27.26,68.94,278.38,107.76,441.88,121.94,23.66,77.67,221.71,63.08,522.55,-16.05
206.2,228.93,56.66,65.02,96.73999999999999,322.86,140.54,213.65,121.3,19.58,40.44,203.14,34.82,228.8,7.83
303.01,397.38,43.1,122.61,45.07,407.3,87.73999999999999,214.805,229.8,37.7,28.86,196.6,325.08,171.275,-17.94
116.82,64.81999999999999,42.8,68.75,135.88,237.235,217.16,598.73,168.99,0.22,27.14,147.58,196.635,756.86,37.81
87.93000000000001,57.35,21.15,-0.06,22.55,230.99,68.15000000000001,81.035,76.845,-26.88,5.74,84.63,22.21,60.82,-28.04
159.905,157.73,40.16,34.095,110.98,358.465,155.81,128.4,126.83,7.92,22.25,158.26,73.435,134.035,15.76
352.627,495.26,68.93000000000001,98.06999999999999,180.235,420.82,335.955,302.02,198.64,31.01,51.785,236.785,249.86,215.63,93.42
131,239.75,52.8,37.98,125.2,389.105,130.05,201.27,128.83,12.95,37.2,184.16,90.745,141.06,27.83
201.5,189.46,61.77,88.26000000000001,159.12,314.02,293.76,296.68,177.85,27.03,32.46,228.93,223.36,388.025,54.59
173.53,197.322,51.525,40.13,95.36,307.17,138.645,192.44,129.96,10.34,34.53,177.735,103.67,232.355,8.720000000000001
175.5,191.05,84.41,41.15,116.145,301.04,159.82,325.21,136.48,10.34,43.085,178.44,130.63,429.19,46.925
194.09,236.74,52.705,47.5,134.13,383.3,81.86499999999999,200.145,143.49,15.49,36.98,122.58,135.04,229.32,35.935
456.533,773.97,94.76000000000001,233.79,107.84,292.47,154.41,375.7,286.11,68.125,48.34,397.375,119.28,432.245,14.96
145.743,134.12,87.63,30.755,26.34,282.94,117.56,343.16,124.068,6.29,64.27500000000001,182.37,72.63,77.92,-5.17
206.2,245.345,51.73,65.02,255.71,281.64,384.86,192.835,121.25,10.4033,36.03,179.02,266.24,54.68,-28.5
120.53,45.02,42.82,20.855,52.5,219.62,91.2367,146.99,108.443,2.655,31.49,147.58,34.75,142.95,-13.9
367.88,779.13,84.825,162.14,307.57,542.86,441.845,328.93,264.94,52.635,63.35,326.74,469.11,319.03,147.42
175.3,191.05,53.38,40.98,15.16,300.9,49.9,295.43,131.585,9.805,37.82,174.43,104.51,356.555,-31.72
168.25,219.115,88.76000000000001,35.86,87.7567,315.97,130.05,290.32,128.83,49.5,65.18000000000001,274.66,90.745,354.87,27.17
300.42,377.81,68.37,112.44,325.48,397.98,335.955,283.15,219.82,36.32,51.66,247.27,249.86,335.863,224.07
85.06999999999999,231.145,33.37,-1.41,39.88,301.98,50.47,94.83329999999999,72.53,-11.19,39.05,121.88,-0.74,72.40000000000001,-32.34
142.575,45.61,34.5,27.57,56.0567,221.41,95.29000000000001,110.04,122.88,-10.51,17.62,110.07,65.18000000000001,97.18000000000001,-11.41
221.94,262.09,55.015,89.40000000000001,163.03,344.32,290.77,146.99,168.99,19.68,39.05,203.955,223.36,931.63,64.94499999999999
241.053,325.87,38.56,45.355,112.1,371.67,160.05,124.05,139.78,13.72,23.575,248.03,130.63,131.21,16.66
178.03,192.14,50.04,43.91,145.28,306.46,154.555,186.835,134.71,9.805,34.61,173.75,121.64,206.02,18.57
415.22,702.34,91.39,194.28,34.92,198.76,608.875,348.79,274.23,57.625,65.88,276.14,515.415,329.89,-27.54
99.13,242.74,37.35,6.88,120.41,311.68,160.05,121.44,98.605,-3.96,22.435,110.07,128.02,229.32,33.99
474.04,30.67,109.64,273.6,64.065,265.39,441.845,427.81,274.86,80.98,26.51,545.92,465.9,516.22,-7.27
202.16,235.47,56.21,58.45,114.995,324.28,174.495,227.48,163.585,19.49,39.76,194.85,203.79,285.935,14.83
322.075,441.04,63.035,89.8,145.28,423.225,289.675,259.01,184.81,29.41,47.85,233.92,226.3,335.863,46.925
114.07,57.72,38.465,14.87,37.915,236.43,82.52,123.63,103.73,-3.14,23.37,137.45,27.355,754.15,-18.77
236.78,289.095,59.09,75.11,36.3,358.03,76.26000000000001,221.18,173.25,22.92,40.44,169.58,206.42,74.42,-24.27
415.22,702.34,88.175,214.25,39.88,284.87,84.93000000000001,353.49,105.53,56.84,65.18000000000001,330.31,27.85,475.19,-18.77
353.41,522.105,111.19,139.52,154.4,427.44,421.22,430.19,248.45,82.28,125.95,517.66,413.275,531.0700000000001,68.98999999999999
120.93,79.23,26.36,12.98,76.44,273.59,126.89,84.63,100.11,5.33,8.949999999999999,158.9,84.58,62.65,-2.55
96.45,43.35,34.02,6.3,52.59,221.56,64.09,98.19,100.81,-10.51,17.82,122.58,17.02,77.23,-13.9
287.56,343.335,65.34999999999999,99.44,164.92,393.58,330.495,278.4,189.04,35.31,48.94,245.16,243.95,335.863,93.42
144.12,132.78,45.54,27.61,74.36,281.64,113.15,168.95,123.54,5.33,31.01,177.4,65.22,192.15,-6.24
107.21,97.58499999999999,38.56,14.87,37.735,263.46,82.52,90.16,103.73,-3.14,23.575,137.585,27.355,72.40000000000001,-15.51
178.32,157.73,62.06,-3.32,39.94,394.845,40.935,248.96,68.65000000000001,29.41,46.61,233.92,-7.12,306.83,-17.93
87.5,29.02,91.015,-1.03,14.14,399.895,113.15,362.8,74.09999999999999,67.39,65.88,387,4.81,481.81,27.17
341.715,468.06,77.48999999999999,136.035,125.2,422.605,68.15000000000001,305.82,229.8,44.24,61.04,121.26,22.21,398.58,27.83
95.45,43.44,34.5,6.14,10.93,207.83,44.46,105.78,90.31999999999999,-10.51,18.25,151.42,17.02,68.23,-38.11
108.51,50.53,36.73,14.77,87.08,230.52,78.44,110.04,100.81,-9.710000000000001,18.64,125.65,25.365,88.38500000000001,1.62
232.33,283.405,59.64,68.75,136.16,353.6,223.95,221.18,247.08,22.635,40.995,214.51,202.47,54.68,38.63
257.29,262.09,109.64,298.37,103.13,344.32,150.37,427.81,300.09,82.28,42.88,566.6900000000001,734.17,519.45,13.91
120.53,64.81999999999999,34.005,17.29,106.44,237.235,183.43,96.73,105.525,-10.98,23.935,122.58,153.92,77.23,13.91
273.33,328.19,55.58,52.86,193.94,375.43,368.92,210.95,143.615,19.2,39.55,196.215,302.13,249.165,110.5
185.98,192.21,52.805,45.1,110.98,295.85,155.81,200.145,138.84,15.49,37.82,179.02,127.07,229.32,16.01
90.16,42.695,14.62,1.075,45.07,198.76,89.27500000000001,68.98,78.44,-10.98,6.12,121.88,12.07,62.58,-7.31
95.14,43,61.77,12.98,96.73999999999999,199.14,138.88,241.527,98.605,26.86,34.075,185.13,22.37,305.4,3.2
128.55,91.92,47.12,30.8,219.04,258.09,118.73,73.19,123.54,6.98,31.49,172.055,72.845,60.37,142.23
273.33,328.6,55.015,92.94,164.92,383.3,308.5,214.805,137.01,30.04,39.26,245.16,226.3,256.24,84.79000000000001
287.42,343.335,82.31999999999999,66.59,48.03,366.74,82.52,308.72,161.333,20.14,78.95,203.955,22.37,408.7,-15.51
98.895,45.02,42.85,22.585,61.54,219.62,99.23999999999999,146.99,112.18,2.72,27.89,158.26,47.25,153.05,-10.49
173.53,167.54,40.16,40.27,131.6,292.175,135.05,131.62,130.04,0.22,26.51,146.61,101.29,137.07,32.96
173.11,176.53,112.65,75.68000000000001,144.865,295.36,241.06,412.23,171.09,23.66,51.66,221.71,207.02,502.01,-42.17
341.715,468.06,94.76000000000001,136.75,229.485,423.225,408.83,362.8,231.66,70.83,73.04000000000001,398.135,350.12,164.25,58.18
415.22,702.34,87.55,194.28,88.28,332.98,608.875,333.75,274.23,53.07,64.31,334,515.415,429.65,6.08
90.34,39.31,87.55,216.78,82.51000000000001,237.2,745.88,348.79,126.45,52.69,72.56999999999999,316.165,586.5599999999999,519.45,-1.16
132.74,97.73999999999999,45.37,23.14,120.71,264.815,178.55,158.5,114.03,5.33,30.7,158.26,150.22,156.67,26.82
300.42,377.81,67.22,112.44,239.985,420.82,420.01,290.32,219.62,36.4,51.54,248.5,400.76,354.87,6.08
142.575,107.92,76.04000000000001,25.08,14.14,268.93,67.05,296.68,121.25,3.66,51.66,153.085,18.295,388.025,-38.11
206.2,242.74,55.75,65.02,47.38,340.21,89.29000000000001,211.91,154.54,19.58,39.76,203.14,33.82,237.545,-21.17
287.795,351.985,61.77,99.44,112.1,394.845,349.87,283.73,185.03,27.03,46.5933,228.93,261.3,306.83,16.66
112.3,80.62,37.31,15.83,45.905,247.93,88.14,123.5,104.69,-3.1,35.53,138.48,31.64,120.475,-21.7
264.56,322.005,92.34999999999999,268.94,64.985,369.17,438.645,427.81,277.77,64.95999999999999,71.55500000000001,331.1,334.35,264.89,-11.86
227.84,223.435,87.63,68.575,130.57,315.97,223.95,333.75,165.53,56.14,64.515,326.74,186.005,438.67,9.1
329.26,468.06,77.48999999999999,135.697,193.94,423.6,368.92,302.02,235.37,43.92,42.35,255.67,293.34,394.71,142.19
166.975,167.09,59.49,74.52,135.88,295.85,217.16,223.17,169.92,22.635,41.135,213.84,199.79,469.24,37.81
353.41,522.105,79.87,139.52,180.41,447.66,361.17,303.045,248.06,45.19,59.18,259.59,420.433,395.55,-6.24
142.48,117.93,44.8125,27.26,68.94,277.01,107.76,163.51,120.61,5.08,32.46,117.3,63.74,225.96,-13.08
297.735,372.95,120.01,205.31,134.13,397.98,217.015,511.23,274.785,56.14,22.435,185.02,196.635,732.89,35.935
194.09,235.47,86.40000000000001,52.86,120.71,325.84,178.55,332.58,145.24,52.69,64.27500000000001,214.35,226.3,432.245,26.82
367.88,264.2,63.49,78.20999999999999,95.36,344.387,138.645,302.02,173.27,23.23,34.21,218.655,211.225,394.71,13.07
131.77,93.40000000000001,52.57,33.57,84.04000000000001,263.46,118.73,211.91,124.825,9.805,36.03,125.73,73.435,229.32,-4.27
265.01,327.51,62.06,88.26000000000001,163.03,375.43,290.77,248.96,177.89,27.03,46.61,226.855,223.36,305.9,65.535
